Vectorlabs Master Prowhey	880000	25	130	1	50	70	3
Pro whey 100	1248000	24	130	3	60	80	6
Mutant whey	1250000	22	140	2.50	90	120	7
BSN Syntha 6	1315000	22	200	2	70	220	15
ON Gold standar whey	1550000	24	120	5	30	130	3
Puro WPRO	965000	25	123	40	95	7	2
MyProtein	1800000	18	90	15	70	1	1
Fitlife	1700000	25	120	0	10	55	3
Nitrotech	1600000	24	120	2	65	150	2
King Whey Protein	1550000	25	130	2	55	60	4
PH Nutrition	950000	25	120	4	30	120	3
Dymatize Iso 100	3000000	25	140	3	70	150	3
N-Whey	2000000	22	130	2	60	140	5
Rule 1 Whey isolate	1650000	25	110	1	4	60	2
RSP Whey	1500000	28	160	4	75	130	7
Black Cell Whey	1900000	25	120	4	60	110	4
Combat Protein	1300000	25	130	2	46	150	5
Addis Whey	850000	25	140	4	20	70	8
I-Con Isolate	1750000	25	160	6	10	120	6
Perfect Whey	850000	25	130	1	50	70	3
Hybrid Whey	1375000	30	130	1	0	70	2
Godzillaz Whey	850000	25	140	4	20	70	5